0
2
2
2
2
2
2
2
2
2
2
2
2
2
2
0
2
0
0
0
0
0
0
0
0
0
19
2
4
2
0
2
0
0
0
0
0
0
0
0
0
0
2
5
2
0
2
0
0
0
0
0
0
0
0
0
3
2
6
2
0
2
0
0
0
0
0
0
0
0
0
0
2
7
2
0
2
0
0
0
0
0
0
0
0
0
20
2
8
2
0
2
0
0
0
0
0
0
0
0
0
0
2
9
2
0
2
2
2
2
2
2
2
2
2
2
2
2
2
2
0
2
2
2
13
0
0
0
0
0
0
0
0
1
2
0
2
2
2
0
16
0
0
0
0
0
0
0
0
2
0
2
2
2
0
0
0
2
2
2
2
2
2
2
2
0
2
2
2
0
0
0
2
2
2
2
2
2
2
2
0
2
2
2
0
0
0
0
0
0
0
0
0
0
2
0
2
2
2
2
2
2
2
2
2
2
14
0
0
2
0
2
2
2
2
2
2
2
2
2
2
0
17
0
2
0
2
2
2
0
0
0
0
0
0
0
0
0
0
2
0
2
2
2
0
15
0
2
2
2
2
2
2
2
2
0
2
2
2
0
0
0
2
2
2
2
2
2
2
2
0
2
2
2
0
18
0
0
0
0
0
0
0
0
2
0
2
2
2
0
0
0
0
0
0
2
2
2
0
2
0
2
2
2
0
0
0
0
0
0
2
2
2
0
2
0
2
2
2
0
0
0
0
0
0
2
2
2
0
2
0
2
2
2
0
0
0
0
0
0
2
2
2
0
2
0
2
2
2
21
0
0
0
0
0
2
2
2
0
2
0
2
2
2
2
2
2
2
2
2
2
2
2
2
2
